DV 0 3 0 3 10 10 10 10 10 10 10 10 10 10 10 10 10 10 10 10 10 10
DV 0 0 0 0 10 10 10 10 10 10 10 10 10 10 10 10 10 10 10 10 10 10
DV 0 0 0 0 10 10 10 10 10 10 10 10 10 10 10 10 10 10 10 10 10 10
DV 0 0 0 0 10 10 10 10 10 10 10 10 10 10 10 10 10 10 10 10 10 10
DV 0 0 0 0 10 10 10 10 10 10 10 10 10 10 10 10 10 10 10 10 10 10
DV 0 0 0 0 10 10 10 10 10 10 10 10 10 10 10 10 10 10 10 10 10 10
DV 0 3 0 3 10 10 10 10 10 10 10 10 10 10 10 10 10 10 10 10 10 10
DV 0 0 0 0 10 10 10 10 10 10 10 10 10 10 10 10 10 10 10 10 10 10
DV 0 3 0 3 10 10 10 10 10 10 10 10 10 10 10 10 10 10 10 10 10 10
DV 0 0 0 0 10 10 10 10 10 10 10 10 10 10 10 10 10 10 10 10 10 10
DV 0 3 0 3 10 10 10 10 10 10 10 10 10 10 10 10 10 10 10 10 10 10
data 0 0
DV 0 0 0 0 10 10 10 10 10 10 10 10 10 10 10 10 10 10 10 10 10 10
DV 0 3 0 3 10 10 10 10 10 10 10 10 10 10 10 10 10 10 10 10 10 10
DV 0 0 0 0 10 10 10 10 10 10 10 10 10 10 10 10 10 10 10 10 10 10
DV 0 3 0 3 10 10 10 10 10 10 10 10 10 10 10 10 10 10 10 10 10 10
DV 0 0 0 0 10 10 10 10 10 10 10 10 10 10 10 10 10 10 10 10 10 10
DV 0 3 0 3 10 10 10 10 10 10 10 10 10 10 10 10 10 10 10 10 10 10
DV 0 0 0 0 10 10 10 10 10 10 10 10 10 10 10 10 10 10 10 10 10 10
DV 0 3 0 3 10 10 10 10 10 10 10 10 10 10 10 10 10 10 10 10 10 10
data 0 0
DV 0 3 0 3 10 10 10 10 10 10 10 10 10 10 10 10 10 10 10 10 10 10
DV 0 0 0 0 10 10 10 10 10 10 10 10 10 10 10 10 10 10 10 10 10 10
DV 0 3 0 3 10 10 10 10 10 10 10 10 10 10 10 10 10 10 10 10 10 10
DV 0 0 0 0 10 10 10 10 10 10 10 10 10 10 10 10 10 10 10 10 10 10
DV 0 3 0 3 10 10 10 10 10 10 10 10 10 10 10 10 10 10 10 10 10 10
DV 0 0 0 0 10 10 10 10 10 10 10 10 10 10 10 10 10 10 10 10 10 10
DV 0 3 0 3 10 10 10 10 10 10 10 10 10 10 10 10 10 10 10 10 10 10
DV 0 0 0 0 10 10 10 10 10 10 10 10 10 10 10 10 10 10 10 10 10 10
data 0 0
DV 0 3 0 3 10 10 10 10 10 10 10 10 10 10 10 10 10 10 10 10 10 10
DV 0 0 0 0 10 10 10 10 10 10 10 10 10 10 10 10 10 10 10 10 10 10
DV 0 3 0 3 10 10 10 10 10 10 10 10 10 10 10 10 10 10 10 10 10 10
DV 0 0 0 0 10 10 10 10 10 10 10 10 10 10 10 10 10 10 10 10 10 10
DV 0 3 0 3 10 10 10 10 10 10 10 10 10 10 10 10 10 10 10 10 10 10
DV 0 0 0 0 10 10 10 10 10 10 10 10 10 10 10 10 10 10 10 10 10 10
DV 0 3 0 3 10 10 10 10 10 10 10 10 10 10 10 10 10 10 10 10 10 10
data 0 0
DV 0 0 0 0 10 10 10 10 10 10 10 10 10 10 10 10 10 10 10 10 10 10
DV 0 3 0 3 10 10 10 10 10 10 10 10 10 10 10 10 10 10 10 10 10 10
DV 0 3 0 3 10 10 10 10 10 10 10 10 10 10 10 10 10 10 10 10 10 10
DV 0 3 0 3 10 10 10 10 10 10 10 10 10 10 10 10 10 10 10 10 10 10
