receiver 1
receiver 1
receiver 1
DV 1 1 10 10 0 1 10 10 10 10 10 10 10 10 10 10 10 10 10 10 10 10
DV 1 1 10 10 0 1 10 10 10 10 10 10 10 10 10 10 10 10 10 10 10 10
DV 1 1 10 10 0 1 10 10 10 10 10 10 10 10 10 10 10 10 10 10 10 10
DV 1 0 10 10 0 0 10 10 10 10 10 10 10 10 10 10 10 10 10 10 10 10
DV 1 0 10 10 0 0 10 10 10 10 10 10 10 10 10 10 10 10 10 10 10 10
DV 1 0 10 10 0 0 10 10 10 10 10 10 10 10 10 10 10 10 10 10 10 10
DV 1 0 10 10 0 0 10 10 10 10 10 10 10 10 10 10 10 10 10 10 10 10
DV 1 0 10 10 0 0 10 10 10 10 10 10 10 10 10 10 10 10 10 10 10 10
DV 1 1 10 10 0 1 10 10 10 10 10 10 10 10 10 10 10 10 10 10 10 10
receiver 1
DV 1 1 10 10 0 1 10 10 10 10 10 10 10 10 10 10 10 10 10 10 10 10
DV 1 0 10 10 0 0 10 10 10 10 10 10 10 10 10 10 10 10 10 10 10 10
DV 1 1 10 10 0 1 10 10 10 10 10 10 10 10 10 10 10 10 10 10 10 10
DV 1 0 10 10 0 0 10 10 10 10 10 10 10 10 10 10 10 10 10 10 10 10
receiver 1
DV 1 1 10 10 0 1 10 10 10 10 10 10 10 10 10 10 10 10 10 10 10 10
DV 1 0 10 10 0 0 10 10 10 10 10 10 10 10 10 10 10 10 10 10 10 10
DV 1 1 10 10 0 1 10 10 10 10 10 10 10 10 10 10 10 10 10 10 10 10
receiver 1
DV 1 0 10 10 0 0 10 10 10 10 10 10 10 10 10 10 10 10 10 10 10 10
DV 1 1 10 10 0 1 10 10 10 10 10 10 10 10 10 10 10 10 10 10 10 10
DV 1 0 10 10 0 0 10 10 10 10 10 10 10 10 10 10 10 10 10 10 10 10
DV 1 1 10 10 0 1 10 10 10 10 10 10 10 10 10 10 10 10 10 10 10 10
receiver 1
DV 1 0 10 10 0 0 10 10 10 10 10 10 10 10 10 10 10 10 10 10 10 10
DV 1 1 10 10 0 1 10 10 10 10 10 10 10 10 10 10 10 10 10 10 10 10
DV 1 0 10 10 0 0 10 10 10 10 10 10 10 10 10 10 10 10 10 10 10 10
DV 1 1 10 10 0 1 10 10 10 10 10 10 10 10 10 10 10 10 10 10 10 10
receiver 1
DV 1 0 10 10 0 0 10 10 10 10 10 10 10 10 10 10 10 10 10 10 10 10
DV 1 1 10 10 0 1 10 10 10 10 10 10 10 10 10 10 10 10 10 10 10 10
DV 1 0 10 10 0 0 10 10 10 10 10 10 10 10 10 10 10 10 10 10 10 10
DV 1 1 10 10 0 1 10 10 10 10 10 10 10 10 10 10 10 10 10 10 10 10
receiver 1
DV 1 0 10 10 0 0 10 10 10 10 10 10 10 10 10 10 10 10 10 10 10 10
DV 1 1 10 10 0 1 10 10 10 10 10 10 10 10 10 10 10 10 10 10 10 10
DV 1 0 10 10 0 0 10 10 10 10 10 10 10 10 10 10 10 10 10 10 10 10
DV 1 1 10 10 0 1 10 10 10 10 10 10 10 10 10 10 10 10 10 10 10 10
receiver 1
DV 1 0 10 10 0 0 10 10 10 10 10 10 10 10 10 10 10 10 10 10 10 10
DV 1 1 10 10 0 1 10 10 10 10 10 10 10 10 10 10 10 10 10 10 10 10
DV 1 0 10 10 0 0 10 10 10 10 10 10 10 10 10 10 10 10 10 10 10 10
DV 1 1 10 10 0 1 10 10 10 10 10 10 10 10 10 10 10 10 10 10 10 10
DV 1 0 10 10 0 0 10 10 10 10 10 10 10 10 10 10 10 10 10 10 10 10
DV 1 1 10 10 0 1 10 10 10 10 10 10 10 10 10 10 10 10 10 10 10 10
