DV 2 1 10 10 10 10 0 1 10 10 10 10 10 10 10 10 10 10 10 10 10 10
DV 2 1 10 10 10 10 0 1 10 10 10 10 10 10 10 10 10 10 10 10 10 10
DV 2 1 10 10 10 10 0 1 10 10 10 10 10 10 10 10 10 10 10 10 10 10
DV 2 2 10 10 10 10 0 2 10 10 10 10 10 10 10 10 10 10 10 10 10 10
DV 2 2 10 10 10 10 0 2 10 10 10 10 10 10 10 10 10 10 10 10 10 10
DV 2 1 10 10 10 10 0 1 10 10 10 10 10 10 10 10 10 10 10 10 10 10
DV 2 2 10 10 10 10 0 2 10 10 10 10 10 10 10 10 10 10 10 10 10 10
DV 2 1 10 10 10 10 0 1 10 10 10 10 10 10 10 10 10 10 10 10 10 10
DV 2 2 10 10 10 10 0 2 10 10 10 10 10 10 10 10 10 10 10 10 10 10
DV 2 1 10 10 10 10 0 1 10 10 10 10 10 10 10 10 10 10 10 10 10 10
DV 2 2 10 10 10 10 0 2 10 10 10 10 10 10 10 10 10 10 10 10 10 10
DV 2 1 10 10 10 10 0 1 10 10 10 10 10 10 10 10 10 10 10 10 10 10
DV 2 2 10 10 10 10 0 2 10 10 10 10 10 10 10 10 10 10 10 10 10 10
DV 2 1 10 10 10 10 0 1 10 10 10 10 10 10 10 10 10 10 10 10 10 10
DV 2 2 10 10 10 10 0 2 10 10 10 10 10 10 10 10 10 10 10 10 10 10
DV 2 1 10 10 10 10 0 1 10 10 10 10 10 10 10 10 10 10 10 10 10 10
DV 2 2 10 10 10 10 0 2 10 10 10 10 10 10 10 10 10 10 10 10 10 10
DV 2 1 10 10 10 10 0 1 10 10 10 10 10 10 10 10 10 10 10 10 10 10
DV 2 2 10 10 10 10 0 2 10 10 10 10 10 10 10 10 10 10 10 10 10 10
DV 2 1 10 10 10 10 0 1 10 10 10 10 10 10 10 10 10 10 10 10 10 10
DV 2 2 10 10 10 10 0 2 10 10 10 10 10 10 10 10 10 10 10 10 10 10
DV 2 1 10 10 10 10 0 1 10 10 10 10 10 10 10 10 10 10 10 10 10 10
DV 2 2 10 10 10 10 0 2 10 10 10 10 10 10 10 10 10 10 10 10 10 10
DV 2 1 10 10 10 10 0 1 10 10 10 10 10 10 10 10 10 10 10 10 10 10
DV 2 2 10 10 10 10 0 2 10 10 10 10 10 10 10 10 10 10 10 10 10 10
DV 2 1 10 10 10 10 0 1 10 10 10 10 10 10 10 10 10 10 10 10 10 10
DV 2 2 10 10 10 10 0 2 10 10 10 10 10 10 10 10 10 10 10 10 10 10
DV 2 1 10 10 10 10 0 1 10 10 10 10 10 10 10 10 10 10 10 10 10 10
DV 2 2 10 10 10 10 0 2 10 10 10 10 10 10 10 10 10 10 10 10 10 10
DV 2 1 10 10 10 10 0 1 10 10 10 10 10 10 10 10 10 10 10 10 10 10
DV 2 2 10 10 10 10 0 2 10 10 10 10 10 10 10 10 10 10 10 10 10 10
DV 2 1 10 10 10 10 0 1 10 10 10 10 10 10 10 10 10 10 10 10 10 10
DV 2 2 10 10 10 10 0 2 10 10 10 10 10 10 10 10 10 10 10 10 10 10
DV 2 1 10 10 10 10 0 1 10 10 10 10 10 10 10 10 10 10 10 10 10 10
DV 2 2 10 10 10 10 0 2 10 10 10 10 10 10 10 10 10 10 10 10 10 10
DV 2 1 10 10 10 10 0 1 10 10 10 10 10 10 10 10 10 10 10 10 10 10
DV 2 2 10 10 10 10 0 2 10 10 10 10 10 10 10 10 10 10 10 10 10 10
