DV 3 3 10 10 10 10 10 10 0 3 10 10 10 10 10 10 10 10 10 10 10 10
DV 3 2 10 10 10 10 10 10 0 2 10 10 10 10 10 10 10 10 10 10 10 10
DV 3 2 10 10 10 10 10 10 0 2 10 10 10 10 10 10 10 10 10 10 10 10
DV 3 3 10 10 10 10 10 10 0 3 10 10 10 10 10 10 10 10 10 10 10 10
DV 3 2 10 10 10 10 10 10 0 2 10 10 10 10 10 10 10 10 10 10 10 10
DV 3 3 10 10 10 10 10 10 0 3 10 10 10 10 10 10 10 10 10 10 10 10
DV 3 2 10 10 10 10 10 10 0 2 10 10 10 10 10 10 10 10 10 10 10 10
DV 3 3 10 10 10 10 10 10 0 3 10 10 10 10 10 10 10 10 10 10 10 10
DV 3 2 10 10 10 10 10 10 0 2 10 10 10 10 10 10 10 10 10 10 10 10
DV 3 3 10 10 10 10 10 10 0 3 10 10 10 10 10 10 10 10 10 10 10 10
DV 3 3 10 10 10 10 10 10 0 3 10 10 10 10 10 10 10 10 10 10 10 10
DV 3 2 10 10 10 10 10 10 0 2 10 10 10 10 10 10 10 10 10 10 10 10
DV 3 3 10 10 10 10 10 10 0 3 10 10 10 10 10 10 10 10 10 10 10 10
DV 3 2 10 10 10 10 10 10 0 2 10 10 10 10 10 10 10 10 10 10 10 10
DV 3 3 10 10 10 10 10 10 0 3 10 10 10 10 10 10 10 10 10 10 10 10
DV 3 2 10 10 10 10 10 10 0 2 10 10 10 10 10 10 10 10 10 10 10 10
DV 3 3 10 10 10 10 10 10 0 3 10 10 10 10 10 10 10 10 10 10 10 10
DV 3 2 10 10 10 10 10 10 0 2 10 10 10 10 10 10 10 10 10 10 10 10
DV 3 3 10 10 10 10 10 10 0 3 10 10 10 10 10 10 10 10 10 10 10 10
DV 3 2 10 10 10 10 10 10 0 2 10 10 10 10 10 10 10 10 10 10 10 10
DV 3 3 10 10 10 10 10 10 0 3 10 10 10 10 10 10 10 10 10 10 10 10
DV 3 2 10 10 10 10 10 10 0 2 10 10 10 10 10 10 10 10 10 10 10 10
DV 3 3 10 10 10 10 10 10 0 3 10 10 10 10 10 10 10 10 10 10 10 10
DV 3 2 10 10 10 10 10 10 0 2 10 10 10 10 10 10 10 10 10 10 10 10
DV 3 3 10 10 10 10 10 10 0 3 10 10 10 10 10 10 10 10 10 10 10 10
DV 3 2 10 10 10 10 10 10 0 2 10 10 10 10 10 10 10 10 10 10 10 10
DV 3 3 10 10 10 10 10 10 0 3 10 10 10 10 10 10 10 10 10 10 10 10
DV 3 2 10 10 10 10 10 10 0 2 10 10 10 10 10 10 10 10 10 10 10 10
DV 3 3 10 10 10 10 10 10 0 3 10 10 10 10 10 10 10 10 10 10 10 10
DV 3 2 10 10 10 10 10 10 0 2 10 10 10 10 10 10 10 10 10 10 10 10
DV 3 3 10 10 10 10 10 10 0 3 10 10 10 10 10 10 10 10 10 10 10 10
DV 3 2 10 10 10 10 10 10 0 2 10 10 10 10 10 10 10 10 10 10 10 10
DV 3 3 10 10 10 10 10 10 0 3 10 10 10 10 10 10 10 10 10 10 10 10
DV 3 2 10 10 10 10 10 10 0 2 10 10 10 10 10 10 10 10 10 10 10 10
DV 3 3 10 10 10 10 10 10 0 3 10 10 10 10 10 10 10 10 10 10 10 10
DV 3 2 10 10 10 10 10 10 0 2 10 10 10 10 10 10 10 10 10 10 10 10
DV 3 3 10 10 10 10 10 10 0 3 10 10 10 10 10 10 10 10 10 10 10 10
DV 3 3 10 10 10 10 10 10 0 3 10 10 10 10 10 10 10 10 10 10 10 10
