DV 1 1 10 10 0 1 10 10 10 10 10 10 10 10 10 10 10 10 10 10 10 10
DV 2 1 10 10 10 10 0 1 10 10 10 10 10 10 10 10 10 10 10 10 10 10
DV 1 1 10 10 0 1 10 10 10 10 10 10 10 10 10 10 10 10 10 10 10 10
DV 2 1 10 10 10 10 0 1 10 10 10 10 10 10 10 10 10 10 10 10 10 10
DV 1 1 10 10 0 1 10 10 10 10 10 10 10 10 10 10 10 10 10 10 10 10
DV 2 1 10 10 10 10 0 1 10 10 10 10 10 10 10 10 10 10 10 10 10 10
DV 1 1 10 10 0 1 10 10 10 10 10 10 10 10 10 10 10 10 10 10 10 10
DV 2 1 10 10 10 10 0 1 10 10 10 10 10 10 10 10 10 10 10 10 10 10
DV 1 1 10 10 0 1 10 10 10 10 10 10 10 10 10 10 10 10 10 10 10 10
DV 2 1 10 10 10 10 0 1 10 10 10 10 10 10 10 10 10 10 10 10 10 10
DV 1 1 10 10 0 1 10 10 10 10 10 10 10 10 10 10 10 10 10 10 10 10
DV 2 1 10 10 10 10 0 1 10 10 10 10 10 10 10 10 10 10 10 10 10 10
DV 1 1 10 10 0 1 10 10 10 10 10 10 10 10 10 10 10 10 10 10 10 10
DV 2 1 10 10 10 10 0 1 10 10 10 10 10 10 10 10 10 10 10 10 10 10
DV 1 1 10 10 0 1 10 10 10 10 10 10 10 10 10 10 10 10 10 10 10 10
DV 2 1 10 10 10 10 0 1 10 10 10 10 10 10 10 10 10 10 10 10 10 10
DV 1 1 10 10 0 1 10 10 10 10 10 10 10 10 10 10 10 10 10 10 10 10
DV 2 1 10 10 10 10 0 1 10 10 10 10 10 10 10 10 10 10 10 10 10 10
DV 1 1 10 10 0 1 10 10 10 10 10 10 10 10 10 10 10 10 10 10 10 10
DV 2 1 10 10 10 10 0 1 10 10 10 10 10 10 10 10 10 10 10 10 10 10
DV 1 1 10 10 0 1 10 10 10 10 10 10 10 10 10 10 10 10 10 10 10 10
DV 2 1 10 10 10 10 0 1 10 10 10 10 10 10 10 10 10 10 10 10 10 10
DV 1 1 10 10 0 1 10 10 10 10 10 10 10 10 10 10 10 10 10 10 10 10
DV 2 1 10 10 10 10 0 1 10 10 10 10 10 10 10 10 10 10 10 10 10 10
DV 1 1 10 10 0 1 10 10 10 10 10 10 10 10 10 10 10 10 10 10 10 10
DV 2 1 10 10 10 10 0 1 10 10 10 10 10 10 10 10 10 10 10 10 10 10
DV 1 1 10 10 0 1 10 10 10 10 10 10 10 10 10 10 10 10 10 10 10 10
DV 2 1 10 10 10 10 0 1 10 10 10 10 10 10 10 10 10 10 10 10 10 10
DV 1 1 10 10 0 1 10 10 10 10 10 10 10 10 10 10 10 10 10 10 10 10
DV 2 1 10 10 10 10 0 1 10 10 10 10 10 10 10 10 10 10 10 10 10 10
DV 1 1 10 10 0 1 10 10 10 10 10 10 10 10 10 10 10 10 10 10 10 10
DV 2 1 10 10 10 10 0 1 10 10 10 10 10 10 10 10 10 10 10 10 10 10
DV 1 1 10 10 0 1 10 10 10 10 10 10 10 10 10 10 10 10 10 10 10 10
DV 2 1 10 10 10 10 0 1 10 10 10 10 10 10 10 10 10 10 10 10 10 10
DV 1 1 10 10 0 1 10 10 10 10 10 10 10 10 10 10 10 10 10 10 10 10
DV 2 1 10 10 10 10 0 1 10 10 10 10 10 10 10 10 10 10 10 10 10 10
DV 1 1 10 10 0 1 10 10 10 10 10 10 10 10 10 10 10 10 10 10 10 10
DV 2 1 10 10 10 10 0 1 10 10 10 10 10 10 10 10 10 10 10 10 10 10
