DV 0 0 0 0 10 10 10 10 10 10 10 10 10 10 10 10 10 10 10 10 10 10
DV 1 0 10 10 0 0 10 10 10 10 10 10 10 10 10 10 10 10 10 10 10 10
DV 0 0 0 0 10 10 10 10 10 10 10 10 10 10 10 10 10 10 10 10 10 10
DV 1 0 10 10 0 0 10 10 10 10 10 10 10 10 10 10 10 10 10 10 10 10
DV 0 0 0 0 10 10 10 10 10 10 10 10 10 10 10 10 10 10 10 10 10 10
DV 1 0 10 10 0 0 10 10 10 10 10 10 10 10 10 10 10 10 10 10 10 10
DV 0 0 0 0 10 10 10 10 10 10 10 10 10 10 10 10 10 10 10 10 10 10
DV 1 0 10 10 0 0 10 10 10 10 10 10 10 10 10 10 10 10 10 10 10 10
DV 0 0 0 0 10 10 10 10 10 10 10 10 10 10 10 10 10 10 10 10 10 10
DV 1 0 10 10 0 0 10 10 10 10 10 10 10 10 10 10 10 10 10 10 10 10
DV 0 0 0 0 10 10 10 10 10 10 10 10 10 10 10 10 10 10 10 10 10 10
DV 1 0 10 10 0 0 10 10 10 10 10 10 10 10 10 10 10 10 10 10 10 10
DV 0 0 0 0 10 10 10 10 10 10 10 10 10 10 10 10 10 10 10 10 10 10
DV 1 0 10 10 0 0 10 10 10 10 10 10 10 10 10 10 10 10 10 10 10 10
DV 0 0 0 0 10 10 10 10 10 10 10 10 10 10 10 10 10 10 10 10 10 10
DV 1 0 10 10 0 0 10 10 10 10 10 10 10 10 10 10 10 10 10 10 10 10
DV 0 0 0 0 10 10 10 10 10 10 10 10 10 10 10 10 10 10 10 10 10 10
DV 1 0 10 10 0 0 10 10 10 10 10 10 10 10 10 10 10 10 10 10 10 10
DV 0 0 0 0 10 10 10 10 10 10 10 10 10 10 10 10 10 10 10 10 10 10
DV 1 0 10 10 0 0 10 10 10 10 10 10 10 10 10 10 10 10 10 10 10 10
DV 0 0 0 0 10 10 10 10 10 10 10 10 10 10 10 10 10 10 10 10 10 10
DV 1 0 10 10 0 0 10 10 10 10 10 10 10 10 10 10 10 10 10 10 10 10
DV 0 0 0 0 10 10 10 10 10 10 10 10 10 10 10 10 10 10 10 10 10 10
DV 1 0 10 10 0 0 10 10 10 10 10 10 10 10 10 10 10 10 10 10 10 10
DV 0 0 0 0 10 10 10 10 10 10 10 10 10 10 10 10 10 10 10 10 10 10
DV 1 0 10 10 0 0 10 10 10 10 10 10 10 10 10 10 10 10 10 10 10 10
DV 0 0 0 0 10 10 10 10 10 10 10 10 10 10 10 10 10 10 10 10 10 10
DV 1 0 10 10 0 0 10 10 10 10 10 10 10 10 10 10 10 10 10 10 10 10
DV 0 0 0 0 10 10 10 10 10 10 10 10 10 10 10 10 10 10 10 10 10 10
DV 1 0 10 10 0 0 10 10 10 10 10 10 10 10 10 10 10 10 10 10 10 10
DV 0 0 0 0 10 10 10 10 10 10 10 10 10 10 10 10 10 10 10 10 10 10
DV 1 0 10 10 0 0 10 10 10 10 10 10 10 10 10 10 10 10 10 10 10 10
DV 0 0 0 0 10 10 10 10 10 10 10 10 10 10 10 10 10 10 10 10 10 10
DV 1 0 10 10 0 0 10 10 10 10 10 10 10 10 10 10 10 10 10 10 10 10
DV 0 0 0 0 10 10 10 10 10 10 10 10 10 10 10 10 10 10 10 10 10 10
DV 1 0 10 10 0 0 10 10 10 10 10 10 10 10 10 10 10 10 10 10 10 10
DV 0 0 0 0 10 10 10 10 10 10 10 10 10 10 10 10 10 10 10 10 10 10
DV 1 0 10 10 0 0 10 10 10 10 10 10 10 10 10 10 10 10 10 10 10 10
