DV 2 2 10 10 10 10 0 2 10 10 10 10 10 10 10 10 10 10 10 10 10 10
DV 3 2 10 10 10 10 10 10 0 2 10 10 10 10 10 10 10 10 10 10 10 10
DV 2 2 10 10 10 10 0 2 10 10 10 10 10 10 10 10 10 10 10 10 10 10
DV 3 2 10 10 10 10 10 10 0 2 10 10 10 10 10 10 10 10 10 10 10 10
DV 2 2 10 10 10 10 0 2 10 10 10 10 10 10 10 10 10 10 10 10 10 10
DV 3 2 10 10 10 10 10 10 0 2 10 10 10 10 10 10 10 10 10 10 10 10
DV 2 2 10 10 10 10 0 2 10 10 10 10 10 10 10 10 10 10 10 10 10 10
DV 3 2 10 10 10 10 10 10 0 2 10 10 10 10 10 10 10 10 10 10 10 10
DV 2 2 10 10 10 10 0 2 10 10 10 10 10 10 10 10 10 10 10 10 10 10
DV 3 2 10 10 10 10 10 10 0 2 10 10 10 10 10 10 10 10 10 10 10 10
DV 2 2 10 10 10 10 0 2 10 10 10 10 10 10 10 10 10 10 10 10 10 10
DV 3 2 10 10 10 10 10 10 0 2 10 10 10 10 10 10 10 10 10 10 10 10
DV 2 2 10 10 10 10 0 2 10 10 10 10 10 10 10 10 10 10 10 10 10 10
DV 3 2 10 10 10 10 10 10 0 2 10 10 10 10 10 10 10 10 10 10 10 10
DV 2 2 10 10 10 10 0 2 10 10 10 10 10 10 10 10 10 10 10 10 10 10
DV 3 2 10 10 10 10 10 10 0 2 10 10 10 10 10 10 10 10 10 10 10 10
DV 2 2 10 10 10 10 0 2 10 10 10 10 10 10 10 10 10 10 10 10 10 10
DV 3 2 10 10 10 10 10 10 0 2 10 10 10 10 10 10 10 10 10 10 10 10
DV 2 2 10 10 10 10 0 2 10 10 10 10 10 10 10 10 10 10 10 10 10 10
DV 3 2 10 10 10 10 10 10 0 2 10 10 10 10 10 10 10 10 10 10 10 10
DV 2 2 10 10 10 10 0 2 10 10 10 10 10 10 10 10 10 10 10 10 10 10
DV 3 2 10 10 10 10 10 10 0 2 10 10 10 10 10 10 10 10 10 10 10 10
DV 2 2 10 10 10 10 0 2 10 10 10 10 10 10 10 10 10 10 10 10 10 10
DV 3 2 10 10 10 10 10 10 0 2 10 10 10 10 10 10 10 10 10 10 10 10
DV 2 2 10 10 10 10 0 2 10 10 10 10 10 10 10 10 10 10 10 10 10 10
DV 3 2 10 10 10 10 10 10 0 2 10 10 10 10 10 10 10 10 10 10 10 10
DV 2 2 10 10 10 10 0 2 10 10 10 10 10 10 10 10 10 10 10 10 10 10
DV 3 2 10 10 10 10 10 10 0 2 10 10 10 10 10 10 10 10 10 10 10 10
DV 2 2 10 10 10 10 0 2 10 10 10 10 10 10 10 10 10 10 10 10 10 10
DV 3 2 10 10 10 10 10 10 0 2 10 10 10 10 10 10 10 10 10 10 10 10
DV 2 2 10 10 10 10 0 2 10 10 10 10 10 10 10 10 10 10 10 10 10 10
DV 3 2 10 10 10 10 10 10 0 2 10 10 10 10 10 10 10 10 10 10 10 10
DV 2 2 10 10 10 10 0 2 10 10 10 10 10 10 10 10 10 10 10 10 10 10
DV 3 2 10 10 10 10 10 10 0 2 10 10 10 10 10 10 10 10 10 10 10 10
DV 2 2 10 10 10 10 0 2 10 10 10 10 10 10 10 10 10 10 10 10 10 10
DV 3 2 10 10 10 10 10 10 0 2 10 10 10 10 10 10 10 10 10 10 10 10
