DV 0 3 0 3 10 10 10 10 10 10 10 10 10 10 10 10 10 10 10 10 10 10
DV 3 3 10 10 10 10 10 10 0 3 10 10 10 10 10 10 10 10 10 10 10 10
DV 3 3 10 10 10 10 10 10 0 3 10 10 10 10 10 10 10 10 10 10 10 10
DV 0 3 0 3 10 10 10 10 10 10 10 10 10 10 10 10 10 10 10 10 10 10
DV 3 3 10 10 10 10 10 10 0 3 10 10 10 10 10 10 10 10 10 10 10 10
DV 0 3 0 3 10 10 10 10 10 10 10 10 10 10 10 10 10 10 10 10 10 10
DV 3 3 10 10 10 10 10 10 0 3 10 10 10 10 10 10 10 10 10 10 10 10
DV 0 3 0 3 10 10 10 10 10 10 10 10 10 10 10 10 10 10 10 10 10 10
DV 3 3 10 10 10 10 10 10 0 3 10 10 10 10 10 10 10 10 10 10 10 10
DV 0 3 0 3 10 10 10 10 10 10 10 10 10 10 10 10 10 10 10 10 10 10
DV 3 3 10 10 10 10 10 10 0 3 10 10 10 10 10 10 10 10 10 10 10 10
DV 0 3 0 3 10 10 10 10 10 10 10 10 10 10 10 10 10 10 10 10 10 10
DV 3 3 10 10 10 10 10 10 0 3 10 10 10 10 10 10 10 10 10 10 10 10
DV 0 3 0 3 10 10 10 10 10 10 10 10 10 10 10 10 10 10 10 10 10 10
DV 3 3 10 10 10 10 10 10 0 3 10 10 10 10 10 10 10 10 10 10 10 10
DV 0 3 0 3 10 10 10 10 10 10 10 10 10 10 10 10 10 10 10 10 10 10
DV 3 3 10 10 10 10 10 10 0 3 10 10 10 10 10 10 10 10 10 10 10 10
DV 0 3 0 3 10 10 10 10 10 10 10 10 10 10 10 10 10 10 10 10 10 10
DV 3 3 10 10 10 10 10 10 0 3 10 10 10 10 10 10 10 10 10 10 10 10
DV 0 3 0 3 10 10 10 10 10 10 10 10 10 10 10 10 10 10 10 10 10 10
DV 3 3 10 10 10 10 10 10 0 3 10 10 10 10 10 10 10 10 10 10 10 10
DV 0 3 0 3 10 10 10 10 10 10 10 10 10 10 10 10 10 10 10 10 10 10
DV 3 3 10 10 10 10 10 10 0 3 10 10 10 10 10 10 10 10 10 10 10 10
DV 0 3 0 3 10 10 10 10 10 10 10 10 10 10 10 10 10 10 10 10 10 10
DV 3 3 10 10 10 10 10 10 0 3 10 10 10 10 10 10 10 10 10 10 10 10
DV 0 3 0 3 10 10 10 10 10 10 10 10 10 10 10 10 10 10 10 10 10 10
DV 3 3 10 10 10 10 10 10 0 3 10 10 10 10 10 10 10 10 10 10 10 10
DV 0 3 0 3 10 10 10 10 10 10 10 10 10 10 10 10 10 10 10 10 10 10
DV 3 3 10 10 10 10 10 10 0 3 10 10 10 10 10 10 10 10 10 10 10 10
DV 0 3 0 3 10 10 10 10 10 10 10 10 10 10 10 10 10 10 10 10 10 10
DV 3 3 10 10 10 10 10 10 0 3 10 10 10 10 10 10 10 10 10 10 10 10
DV 0 3 0 3 10 10 10 10 10 10 10 10 10 10 10 10 10 10 10 10 10 10
DV 3 3 10 10 10 10 10 10 0 3 10 10 10 10 10 10 10 10 10 10 10 10
DV 0 3 0 3 10 10 10 10 10 10 10 10 10 10 10 10 10 10 10 10 10 10
DV 3 3 10 10 10 10 10 10 0 3 10 10 10 10 10 10 10 10 10 10 10 10
DV 0 3 0 3 10 10 10 10 10 10 10 10 10 10 10 10 10 10 10 10 10 10
DV 3 3 10 10 10 10 10 10 0 3 10 10 10 10 10 10 10 10 10 10 10 10
DV 0 3 0 3 10 10 10 10 10 10 10 10 10 10 10 10 10 10 10 10 10 10
DV 3 3 10 10 10 10 10 10 0 3 10 10 10 10 10 10 10 10 10 10 10 10
